36.031085     4.070592e-09  
50.444803     2.955676e-09  
70.624521     2.141392e-09  
80.123087     1.948857e-09  
103.124533     1.450479e-09  
107.554697     1.436180e-09  
112.175178     1.328875e-09  
127.262053     1.067351e-09  
144.378021     9.498593e-10  
150.580408     9.338903e-10  
163.795981     8.342399e-10  
178.171409     7.335181e-10  
185.825539     7.193453e-10  
193.808485     6.570169e-10  
202.134374     5.893735e-10  
210.817937     6.107226e-10  
219.874541     5.676861e-10  
229.320211     5.231261e-10  
239.171660     4.968832e-10  
249.446322     4.607145e-10  
260.162376     4.396231e-10  
271.338786     4.062308e-10  
282.995327     3.987812e-10  
295.152625     3.856758e-10  
307.832193     3.577284e-10  
321.056467     3.460298e-10  
334.848848     3.168228e-10  
349.233740     2.882964e-10  
364.236598     2.905132e-10  
379.883970     2.726193e-10  
396.203542     2.552837e-10  
413.224193     2.436237e-10  
430.976040     2.306452e-10  
449.490495     2.195271e-10  
468.800319     2.099739e-10  
488.939681     1.985356e-10  
509.944217     1.893844e-10  
531.851095     1.777850e-10  
554.699078     1.695122e-10  
578.528596     1.636409e-10  
603.381814     1.553026e-10  
629.302711     1.486775e-10  
656.337153     1.405998e-10  
684.532978     1.332181e-10  
713.940077     1.266130e-10  
744.610486     1.199296e-10  
776.598476     1.144127e-10  
809.960650     1.090747e-10  
844.756042     1.047609e-10  
881.046221     9.973226e-11  
918.895404     9.457804e-11  
958.370563     8.985048e-11  
999.541549     8.449604e-11  
1042.481215     8.020315e-11  
1087.265542     7.656645e-11  
1133.973774     7.340900e-11  
1182.688562     6.913843e-11  
1233.496107     6.568174e-11  
1286.486311     6.216166e-11  
1341.752940     5.903697e-11  
1399.393789     5.580307e-11  
1459.510851     5.288304e-11  
1522.210504     5.040558e-11  
1587.603694     4.751306e-11  
1655.806133     4.512170e-11  
1726.938506     4.258421e-11  
1801.126680     4.017047e-11  
1878.501931     3.792152e-11  
1959.201173     3.587658e-11  
2043.367202     3.381767e-11  
2131.148951     3.179930e-11  
2222.701747     2.993193e-11  
2318.187593     2.821190e-11  
2417.775450     2.654843e-11  
2521.641537     2.491191e-11  
2629.969645     2.332585e-11  
2742.951460     2.188252e-11  
2860.786901     2.053434e-11  
2983.684477     1.924609e-11  
